
============================================================
MODELO: Naive Bayes
Best Params: {'alpha': 0.1}
Accuracy: 0.9955

              precision    recall  f1-score   support

       ABOUT       1.00      1.00      1.00        42
      CASUAL       0.98      0.96      0.97        50
       DOUBT       0.99      1.00      0.99      1481
     EXPLAIN       1.00      0.99      1.00      2137
     GOODBYE       1.00      0.91      0.95        22
    GREETING       1.00      0.93      0.96        44
    PRACTICE       1.00      1.00      1.00      1558
        QUIZ       1.00      1.00      1.00       625
      THANKS       0.96      1.00      0.98        26
     UNKNOWN       1.00      0.93      0.97        15

    accuracy                           1.00      6000
   macro avg       0.99      0.97      0.98      6000
weighted avg       1.00      1.00      1.00      6000

[[  42    0    0    0    0    0    0    0    0    0]
 [   0   48    0    0    0    0    2    0    0    0]
 [   0    0 1480    0    0    0    0    1    0    0]
 [   0    0   17 2119    0    0    0    1    0    0]
 [   0    0    1    0   20    0    0    0    1    0]
 [   0    0    0    3    0   41    0    0    0    0]
 [   0    0    0    0    0    0 1558    0    0    0]
 [   0    0    0    0    0    0    0  625    0    0]
 [   0    0    0    0    0    0    0    0   26    0]
 [   0    1    0    0    0    0    0    0    0   14]]

============================================================
MODELO: Logistic Regression
Best Params: {'C': 3}
Accuracy: 0.9990

              precision    recall  f1-score   support

       ABOUT       1.00      1.00      1.00        42
      CASUAL       0.94      1.00      0.97        50
       DOUBT       1.00      1.00      1.00      1481
     EXPLAIN       1.00      1.00      1.00      2137
     GOODBYE       1.00      0.91      0.95        22
    GREETING       1.00      1.00      1.00        44
    PRACTICE       1.00      1.00      1.00      1558
        QUIZ       1.00      1.00      1.00       625
      THANKS       0.96      0.96      0.96        26
     UNKNOWN       1.00      0.93      0.97        15

    accuracy                           1.00      6000
   macro avg       0.99      0.98      0.98      6000
weighted avg       1.00      1.00      1.00      6000

[[  42    0    0    0    0    0    0    0    0    0]
 [   0   50    0    0    0    0    0    0    0    0]
 [   0    0 1480    1    0    0    0    0    0    0]
 [   0    0    0 2137    0    0    0    0    0    0]
 [   0    1    0    0   20    0    0    0    1    0]
 [   0    0    0    0    0   44    0    0    0    0]
 [   0    0    0    0    0    0 1558    0    0    0]
 [   0    0    0    1    0    0    0  624    0    0]
 [   0    1    0    0    0    0    0    0   25    0]
 [   0    1    0    0    0    0    0    0    0   14]]

============================================================
MODELO: Linear SVM
Best Params: {'C': 0.5}
Accuracy: 0.9987

              precision    recall  f1-score   support

       ABOUT       1.00      1.00      1.00        42
      CASUAL       0.94      0.98      0.96        50
       DOUBT       1.00      1.00      1.00      1481
     EXPLAIN       1.00      1.00      1.00      2137
     GOODBYE       1.00      0.91      0.95        22
    GREETING       1.00      1.00      1.00        44
    PRACTICE       1.00      1.00      1.00      1558
        QUIZ       1.00      1.00      1.00       625
      THANKS       0.96      0.96      0.96        26
     UNKNOWN       1.00      0.93      0.97        15

    accuracy                           1.00      6000
   macro avg       0.99      0.98      0.98      6000
weighted avg       1.00      1.00      1.00      6000

[[  42    0    0    0    0    0    0    0    0    0]
 [   0   49    1    0    0    0    0    0    0    0]
 [   0    0 1480    1    0    0    0    0    0    0]
 [   0    0    0 2136    0    0    1    0    0    0]
 [   0    1    0    0   20    0    0    0    1    0]
 [   0    0    0    0    0   44    0    0    0    0]
 [   0    0    0    0    0    0 1558    0    0    0]
 [   0    0    0    1    0    0    0  624    0    0]
 [   0    1    0    0    0    0    0    0   25    0]
 [   0    1    0    0    0    0    0    0    0   14]]
